\addplot[color=olive,mark=square] 
 coordinates {(200,0.002031)(400,0.007569)(800,0.031609)(1600,0.135371)(3200,0.544734)(6400,2.294168)(12800,8.665579)(25600,35.005037)(51200,139.078473)(102400,555.160893)}; 
 \addlegendentry{bubbleSort}
\addplot[color=purple,mark=square] 
 coordinates {(200,0.001029)(400,0.0)(800,0.0)(1600,0.001001)(3200,0.0)(6400,0.000969)(12800,0.003001)(25600,0.0046)(51200,0.009484)(102400,0.017864)}; 
 \addlegendentry{buckertSort}
\addplot[color=brown,mark=square] 
 coordinates {(200,0.0)(400,0.002036)(800,0.00197)(1600,0.005999)(3200,0.011972)(6400,0.026646)(12800,0.056435)(25600,0.1216)(51200,0.261619)(102400,0.561409)}; 
 \addlegendentry{heapSort}
\addplot[color=gray,mark=square] 
 coordinates {(200,0.001002)(400,0.002997)(800,0.017016)(1600,0.070026)(3200,0.271981)(6400,1.095197)(12800,4.413819)(25600,17.540881)(51200,70.832329)(102400,284.505918)}; 
 \addlegendentry{insertSort}
\addplot[color=green,mark=square] 
 coordinates {(200,0.0)(400,0.001027)(800,0.0)(1600,0.000969)(3200,0.003538)(6400,0.003999)(12800,0.009182)(25600,0.017019)(51200,0.035129)(102400,0.070583)}; 
 \addlegendentry{quickSort}
\addplot[color=cyan,mark=square] 
 coordinates {(200,0.001)(400,0.004603)(800,0.013541)(1600,0.056705)(3200,0.221264)(6400,0.883132)(12800,3.521078)(25600,14.12304)(51200,56.775537)(102400,229.786616)}; 
 \addlegendentry{selectionSort}
\addplot[color=teal,mark=square] 
 coordinates {(200,0.0)(400,0.0)(800,0.002509)(1600,0.003001)(3200,0.007179)(6400,0.019988)(12800,0.045296)(25600,0.113628)(51200,0.278355)(102400,0.673755)}; 
 \addlegendentry{shellSort}
